--The source of this transmission is unidentified--
_/Iniating {PrjX_CLOSED_COMM_PROTOCOL)\_
//begin_transmission {

--This message is property of the [REDACTED COUNTRY] Government. Top Secret, do not distribute--

--THIS MESSAGE IS ENCRYPTED USING ABNORMAL METHODS, NOTE FOLLOWS:

ascii-rot13-b64-dec-hex-bin

--END ENCRYPTION NOTE
--BEGIN MESSAGE

00110011 00111001 00100000 00110011 00111001 00100000 00110010 00110000 00100000 00110011 00110110 00100000 00110011 00111000 00100000 00110010 00110000 00100000 00110011 00110001 00100000 00110011 00110001 00100000 00110011 00110001 00100000 00110010 00110000 00100000 00110011 00110001 00100000 00110011 00110000 00100000 00110011 00110011 00100000 00110010 00110000 00100000 00110011 00111001 00100000 00110011 00110000 00100000 00110010 00110000 00100000 00110011 00110101 00100000 00110011 00110001 00100000 00110010 00110000 00100000 00110011 00111000 00100000 00110011 00110110 00100000 00110010 00110000 00100000 00110011 00110001 00100000 00110011 00110010 00100000 00110011 00110001 00100000 00110010 00110000 00100000 00110011 00111001 00100000 00110011 00111000 00100000 00110010 00110000 00100000 00110011 00110110 00100000 00110011 00110111 00100000 00110010 00110000 00100000 00110011 00110110 00100000 00110011 00110110 00100000 00110010 00110000 00100000 00110011 00110100 00100000 00110011 00111001 00100000 00110010 00110000 00100000 00110011 00111001 00100000 00110011 00111000 00100000 00110010 00110000 00100000 00110011 00110001 00100000 00110011 00110000 00100000 00110011 00111001 00100000 00110010 00110000 00100000 00110011 00110001 00100000 00110011 00110000 00100000 00110011 00111000 00100000 00110010 00110000 00100000 00110011 00110001 00100000 00110011 00110010 00100000 00110011 00110001 00100000 00110010 00110000 00100000 00110011 00110111 00100000 00110011 00110011 00100000 00110010 00110000 00100000 00110011 00110111 00100000 00110011 00110001 00100000 00110010 00110000 00100000 00110011 00110101 00100000 00110011 00110111 00100000 00110010 00110000 00100000 00110011 00110001 00100000 00110011 00110000 00100000 00110011 00111000 00100000 00110010 00110000 00100000 00110011 00111001 00100000 00110011 00111001 00100000 00110010 00110000 00100000 00110011 00110001 00100000 00110011 00110000 00100000 00110011 00111001 00100000 00110010 00110000 00100000 00110011 00110101 00100000 00110011 00110011 00100000 00110010 00110000 00100000 00110011 00110001 00100000 00110011 00110001 00100000 00110011 00111001 00100000 00110010 00110000 00100000 00110011 00110001 00100000 00110011 00110000 00100000 00110011 00110000 00100000 00110010 00110000 00100000 00110011 00111000 00100000 00110011 00111000 00100000 00110010 00110000 00100000 00110011 00110111 00100000 00110011 00110100 00100000 00110010 00110000 00100000 00110011 00110001 00100000 00110011 00110010 00100000 00110011 00110000 00100000 00110010 00110000 00100000 00110011 00110111 00100000 00110011 00110011 00100000 00110010 00110000 00100000 00110011 00110111 00100000 00110011 00110001 00100000 00110010 00110000 00100000 00110011 00110001 00100000 00110011 00110000 00100000 00110011 00110000 00100000 00110010 00110000 00100000 00110011 00110100 00100000 00110011 00111001 00100000 00110010 00110000 00100000 00110011 00111001 00100000 00110011 00111001 00100000 00110010 00110000 00100000 00110011 00110001 00100000 00110011 00110000 00100000 00110011 00110101 00100000 00110010 00110000 00100000 00110011 00110110 00100000 00110011 00110110 00100000 00110010 00110000 00100000 00110011 00110001 00100000 00110011 00110000 00100000 00110011 00110101 00100000 00110010 00110000 00100000 00110011 00111000 00100000 00110011 00111001 00100000 00110010 00110000 00100000 00110011 00110101 00100000 00110011 00110001 00100000 00110010 00110000 00100000 00110011 00110111 00100000 00110011 00110100 00100000 00110010 00110000 00100000 00110011 00110001 00100000 00110011 00110000 00100000 00110011 00110100 00100000 00110010 00110000 00100000 00110011 00110001 00100000 00110011 00110000 00100000 00110011 00110000 00100000 00110010 00110000 00100000 00110011 00110001 00100000 00110011 00110000 00100000 00110011 00111001 00100000 00110010 00110000 00100000 00110011 00110111 00100000 00110011 00110000 00100000 00110010 00110000 00100000 00110011 00110100 00100000 00110011 00111000 00100000 00110010 00110000 00100000 00110011 00110111 00100000 00110011 00110110 00100000 00110010 00110000 00100000 00110011 00110001 00100000 00110011 00110000 00100000 00110011 00110011 00100000 00110010 00110000 00100000 00110011 00110100 00100000 00110011 00111000 00100000 00110010 00110000 00100000 00110011 00110111 00100000 00110011 00110101 00100000 00110010 00110000 00100000 00110011 00111001 00100000 00110011 00110000 00100000 00110010 00110000 00100000 00110011 00110001 00100000 00110011 00110000 00100000 00110011 00110110 00100000 00110010 00110000 00100000 00110011 00110001 00100000 00110011 00110001 00100000 00110011 00110001 00100000 00110010 00110000 00100000 00110011 00110001 00100000 00110011 00110000 00100000 00110011 00110011 00100000 00110010 00110000 00100000 00110011 00111000 00100000 00110011 00110111 00100000 00110010 00110000 00100000 00110011 00110101 00100000 00110011 00110000 00100000 00110010 00110000 00100000 00110011 00110001 00100000 00110011 00110000 00100000 00110011 00110100 00100000 00110010 00110000 00100000 00110011 00110001 00100000 00110011 00110000 00100000 00110011 00110100 00100000 00110010 00110000 00100000 00110011 00110001 00100000 00110011 00110000 00100000 00110011 00110000 00100000 00110010 00110000 00100000 00110011 00110001 00100000 00110011 00110000 00100000 00110011 00111001 00100000 00110010 00110000 00100000 00110011 00110111 00100000 00110011 00110000 00100000 00110010 00110000 00100000 00110011 00110001 00100000 00110011 00110001 00100000 00110011 00110000 00100000 00110010 00110000 00100000 00110011 00111001 00100000 00110011 00111001 00100000 00110010 00110000 00100000 00110011 00110001 00100000 00110011 00110001 00100000 00110011 00110000 00100000 00110010 00110000 00100000 00110011 00110001 00100000 00110011 00110000 00100000 00110011 00111000 00100000 00110010 00110000 00100000 00110011 00110101 00100000 00110011 00110011 00100000 00110010 00110000 00100000 00110011 00110001 00100000 00110011 00110000 00100000 00110011 00110000 00100000 00110010 00110000 00100000 00110011 00110001 00100000 00110011 00110001 00100000 00110011 00110000 00100000 00110010 00110000 00100000 00110011 00111000 00100000 00110011 00110010 00100000 00110010 00110000 00100000 00110011 00110101 00100000 00110011 00110000 00100000 00110010 00110000 00100000 00110011 00111001 00100000 00110011 00111000 00100000 00110010 00110000 00100000 00110011 00110101 00100000 00110011 00110001 00100000 00110010 00110000 00100000 00110011 00110001 00100000 00110011 00110000 00100000 00110011 00111000 00100000 00110010 00110000 00100000 00110011 00110001 00100000 00110011 00110010 00100000 00110011 00110001 00100000 00110010 00110000 00100000 00110011 00111000 00100000 00110011 00111000 00100000 00110010 00110000 00100000 00110011 00111000 00100000 00110011 00110001 00100000 00110010 00110000 00100000 00110011 00110100 00100000 00110011 00111000 00100000 00110010 00110000 00100000 00110011 00110111 00100000 00110011 00110101 00100000 00110010 00110000 00100000 00110011 00111001 00100000 00110011 00111001 00100000 00110010 00110000 00100000 00110011 00110110 00100000 00110011 00111000 00100000 00110010 00110000 00100000 00110011 00110001 00100000 00110011 00110001 00100000 00110011 00110010 00100000 00110010 00110000 00100000 00110011 00110100 00100000 00110011 00111001 00100000 00110010 00110000 00100000 00110011 00111000 00100000 00110011 00111001 00100000 00110010 00110000 00100000 00110011 00110001 00100000 00110011 00110000 00100000 00110011 00111001 00100000 00110010 00110000 00100000 00110011 00111001 00100000 00110011 00110000 00100000 00110010 00110000 00100000 00110011 00110001 00100000 00110011 00110001 00100000 00110011 00110000 00100000 00110010 00110000 00100000 00110011 00110001 00100000 00110011 00110000 00100000 00110011 00110000 00100000 00110010 00110000 00100000 00110011 00110001 00100000 00110011 00110001 00100000 00110011 00110000 00100000 00110010 00110000 00100000 00110011 00110001 00100000 00110011 00110000 00100000 00110011 00111000 00100000 00110010 00110000 00100000 00110011 00110001 00100000 00110011 00110010 00100000 00110011 00110001 00100000 00110010 00110000 00100000 00110011 00111001 00100000 00110011 00110000 00100000 00110010 00110000 00100000 00110011 00110001 00100000 00110011 00110000 00100000 00110011 00110101 00100000 00110010 00110000 00100000 00110011 00110110 00100000 00110011 00110110 00100000 00110010 00110000 00100000 00110011 00110001 00100000 00110011 00110001 00100000 00110011 00110111 00100000 00110010 00110000 00100000 00110011 00111001 00100000 00110011 00110000 00100000 00110010 00110000 00100000 00110011 00111000 00100000 00110011 00111000 00100000 00110010 00110000 00100000 00110011 00110111 00100000 00110011 00110011 00100000 00110010 00110000 00100000 00110011 00110001 00100000 00110011 00110000 00100000 00110011 00110011 00100000 00110010 00110000 00100000 00110011 00110001 00100000 00110011 00110000 00100000 00110011 00110000 00100000 00110010 00110000 00100000 00110011 00110001 00100000 00110011 00110000 00100000 00110011 00111001 00100000 00110010 00110000 00100000 00110011 00110111 00100000 00110011 00110000 00100000 00110010 00110000 00100000 00110011 00110001 00100000 00110011 00110001 00100000 00110011 00111001 00100000 00110010 00110000 00100000 00110011 00111000 00100000 00110011 00111001 00100000 00110010 00110000 00100000 00110011 00110001 00100000 00110011 00110001 00100000 00110011 00110000 00100000 00110010 00110000 00100000 00110011 00110001 00100000 00110011 00110001 00100000 00110011 00110010 00100000 00110010 00110000 00100000 00110011 00110101 00100000 00110011 00110000 00100000 00110010 00110000 00100000 00110011 00111000 00100000 00110011 00111001 00100000 00110010 00110000 00100000 00110011 00111000 00100000 00110011 00111000 00100000 00110010 00110000 00100000 00110011 00111000 00100000 00110011 00110001 00100000 00110010 00110000 00100000 00110011 00110001 00100000 00110011 00110000 00100000 00110011 00110011 00100000 00110010 00110000 00100000 00110011 00110110 00100000 00110011 00111000 00100000 00110010 00110000 00100000 00110011 00111000 00100000 00110011 00110001 00100000 00110010 00110000 00100000 00110011 00110001 00100000 00110011 00110001 00100000 00110011 00110010 00100000 00110010 00110000 00100000 00110011 00110001 00100000 00110011 00110001 00100000 00110011 00111001 00100000 00110010 00110000 00100000 00110011 00110111 00100000 00110011 00111001 00100000 00110010 00110000 00100000 00110011 00110001 00100000 00110011 00110000 00100000 00110011 00110101 00100000 00110010 00110000 00100000 00110011 00110110 00100000 00110011 00110110 00100000 00110010 00110000 00100000 00110011 00110001 00100000 00110011 00110000 00100000 00110011 00111000 00100000 00110010 00110000 00100000 00110011 00111001 00100000 00110011 00111001 00100000 00110010 00110000 00100000 00110011 00110001 00100000 00110011 00110000 00100000 00110011 00111001 00100000 00110010 00110000 00100000 00110011 00111000 00100000 00110011 00110010 00100000 00110010 00110000 00100000 00110011 00110001 00100000 00110011 00110001 00100000 00110011 00110001 00100000 00110010 00110000 00100000 00110011 00111001 00100000 00110011 00111001 00100000 00110010 00110000 00100000 00110011 00110001 00100000 00110011 00110000 00100000 00110011 00111001 00100000 00110010 00110000 00100000 00110011 00111001 00100000 00110011 00110000 00100000 00110010 00110000 00100000 00110011 00110001 00100000 00110011 00110001 00100000 00110011 00110000 00100000 00110010 00110000 00100000 00110011 00110001 00100000 00110011 00110000 00100000 00110011 00110000 00100000 00110010 00110000 00100000 00110011 00110001 00100000 00110011 00110000 00100000 00110011 00111001 00100000 00110010 00110000 00100000 00110011 00110111 00100000 00110011 00110000 00100000 00110010 00110000 00100000 00110011 00110100 00100000 00110011 00111000 00100000 00110010 00110000 00100000 00110011 00110111 00100000 00110011 00110011 00100000 00110010 00110000 00100000 00110011 00110111 00100000 00110011 00110010 00100000 00110010 00110000 00100000 00110011 00111000 00100000 00110011 00110110 00100000 00110010 00110000 00100000 00110011 00110001 00100000 00110011 00110010 00100000 00110011 00110001 00100000 00110010 00110000 00100000 00110011 00110001 00100000 00110011 00110000 00100000 00110011 00110001 00100000 00110010 00110000 00100000 00110011 00111000 00100000 00110011 00110111 00100000 00110010 00110000 00100000 00110011 00110111 00100000 00110011 00110111 00100000 00110010 00110000 00100000 00110011 00110001 00100000 00110011 00110000 00100000 00110011 00110011 00100000 00110010 00110000 00100000 00110011 00110001 00100000 00110011 00110000 00100000 00110011 00110000 00100000 00110010 00110000 00100000 00110011 00110001 00100000 00110011 00110000 00100000 00110011 00111001 00100000 00110010 00110000 00100000 00110011 00110110 00100000 00110011 00111001 00100000 00110010 00110000 00100000 00110011 00110001 00100000 00110011 00110000 00100000 00110011 00110011 00100000 00110010 00110000 00100000 00110011 00111001 00100000 00110011 00110000 00100000 00110010 00110000 00100000 00110011 00110001 00100000 00110011 00110001 00100000 00110011 00110000 00100000 00110010 00110000 00100000 00110011 00110111 00100000 00110011 00110100 00100000 00110010 00110000 00100000 00110011 00110001 00100000 00110011 00110001 00100000 00110011 00111001 00100000 00110010 00110000 00100000 00110011 00111001 00100000 00110011 00110000 00100000 00110010 00110000 00100000 00110011 00110101 00100000 00110011 00110000 00100000 00110010 00110000 00100000 00110011 00110111 00100000 00110011 00110100 00100000 00110010 00110000 00100000 00110011 00110001 00100000 00110011 00110000 00100000 00110011 00111000 00100000 00110010 00110000 00100000 00110011 00110111 00100000 00110011 00110011 00100000 00110010 00110000 00100000 00110011 00110110 00100000 00110011 00111000 00100000 00110010 00110000 00100000 00110011 00110111 00100000 00110011 00110011 00100000 00110010 00110000 00100000 00110011 00110001 00100000 00110011 00110000 00100000 00110011 00110011 00100000 00110010 00110000 00100000 00110011 00111000 00100000 00110011 00111001 00100000 00110010 00110000 00100000 00110011 00111000 00100000 00110011 00111000 00100000 00110010 00110000 00100000 00110011 00110111 00100000 00110011 00110100 00100000 00110010 00110000 00100000 00110011 00110001 00100000 00110011 00110001 00100000 00110011 00110111 00100000 00110010 00110000 00100000 00110011 00111001 00100000 00110011 00110000 00100000 00110010 00110000 00100000 00110011 00111000 00100000 00110011 00110011 00100000 00110010 00110000 00100000 00110011 00110110 00100000 00110011 00110110 00100000 00110010 00110000 00100000 00110011 00110001 00100000 00110011 00110001 00100000 00110011 00110000 00100000 00110010 00110000 00100000 00110011 00110001 00100000 00110011 00110000 00100000 00110011 00110000 00100000 00110010 00110000 00100000 00110011 00111000 00100000 00110011 00111000 00100000 00110010 00110000 00100000 00110011 00110111 00100000 00110011 00110011 00100000 00110010 00110000 00100000 00110011 00110001 00100000 00110011 00110000 00100000 00110011 00110011 00100000 00110010 00110000 00100000 00110011 00111000 00100000 00110011 00110110 00100000 00110010 00110000 00100000 00110011 00111000 00100000 00110011 00110110 00100000 00110010 00110000 00100000 00110011 00110111 00100000 00110011 00110100 00100000 00110010 00110000 00100000 00110011 00110110 00100000 00110011 00110110 00100000 00110010 00110000 00100000 00110011 00111000 00100000 00110011 00110010 00100000 00110010 00110000 00100000 00110011 00111000 00100000 00110011 00110101 00100000 00110010 00110000 00100000 00110011 00110001 00100000 00110011 00110001 00100000 00110011 00111001 00100000 00110010 00110000 00100000 00110011 00110001 00100000 00110011 00110000 00100000 00110011 00110011 00100000 00110010 00110000 00100000 00110011 00111001 00100000 00110011 00111001 00100000 00110010 00110000 00100000 00110011 00110111 00100000 00110011 00110001 00100000 00110010 00110000 00100000 00110011 00110111 00100000 00110011 00110100 00100000 00110010 00110000 00100000 00110011 00110001 00100000 00110011 00110000 00100000 00110011 00111000 00100000 00110010 00110000 00100000 00110011 00111001 00100000 00110011 00110000 00100000 00110010 00110000 00100000 00110011 00111000 00100000 00110011 00111000 00100000 00110010 00110000 00100000 00110011 00111001 00100000 00110011 00110000 00100000 00110010 00110000 00100000 00110011 00110001 00100000 00110011 00110010 00100000 00110011 00110000 00100000 00110010 00110000 00100000 00110011 00111000 00100000 00110011 00111001 00100000 00110010 00110000 00100000 00110011 00110001 00100000 00110011 00110000 00100000 00110011 00111001 00100000 00110010 00110000 00100000 00110011 00111000 00100000 00110011 00110101 00100000 00110010 00110000 00100000 00110011 00110111 00100000 00110011 00111000 00100000 00110010 00110000 00100000 00110011 00110110 00100000 00110011 00110111 00100000 00110010 00110000 00100000 00110011 00110001 00100000 00110011 00110000 00100000 00110011 00111001 00100000 00110010 00110000 00100000 00110011 00111000 00100000 00110011 00111001 00100000 00110010 00110000 00100000 00110011 00110101 00100000 00110011 00110100 00100000 00110010 00110000 00100000 00110011 00110111 00100000 00110011 00110011 00100000 00110010 00110000 00100000 00110011 00110111 00100000 00110011 00110001 00100000 00110010 00110000 00100000 00110011 00111000 00100000 00110011 00110110 00100000 00110010 00110000 00100000 00110011 00110001 00100000 00110011 00110000 00100000 00110011 00110101 00100000 00110010 00110000 00100000 00110011 00110001 00100000 00110011 00110000 00100000 00110011 00110000 00100000 00110010 00110000 00100000 00110011 00110111 00100000 00110011 00110010 00100000 00110010 00110000 00100000 00110011 00110111 00100000 00110011 00110100 00100000 00110010 00110000 00100000 00110011 00110001 00100000 00110011 00110000 00100000 00110011 00111000 00100000 00110010 00110000 00100000 00110011 00110111 00100000 00110011 00110110 00100000 00110010 00110000 00100000 00110011 00110110 00100000 00110011 00110111 00100000 00110010 00110000 00100000 00110011 00110110 00100000 00110011 00110101 00100000 00110010 00110000 00100000 00110011 00110001 00100000 00110011 00110010 00100000 00110011 00110001 00100000 00110010 00110000 00100000 00110011 00110111 00100000 00110011 00110011 00100000 00110010 00110000 00100000 00110011 00110111 00100000 00110011 00110001 00100000 00110010 00110000 00100000 00110011 00110001 00100000 00110011 00110000 00100000 00110011 00110100 00100000 00110010 00110000 00100000 00110011 00110001 00100000 00110011 00110000 00100000 00110011 00110100 00100000 00110010 00110000 00100000 00110011 00110001 00100000 00110011 00110000 00100000 00110011 00110000 00100000 00110010 00110000 00100000 00110011 00110001 00100000 00110011 00110000 00100000 00110011 00111001 00100000 00110010 00110000 00100000 00110011 00110001 00100000 00110011 00110000 00100000 00110011 00110000 00100000 00110010 00110000 00100000 00110011 00110001 00100000 00110011 00110000 00100000 00110011 00111001 00100000 00110010 00110000 00100000 00110011 00110111 00100000 00110011 00110011 00100000 00110010 00110000 00100000 00110011 00110111 00100000 00110011 00110010 00100000 00110010 00110000 00100000 00110011 00110110 00100000 00110011 00110110 00100000 00110010 00110000 00100000 00110011 00110001 00100000 00110011 00110000 00100000 00110011 00110101 00100000 00110010 00110000 00100000 00110011 00110001 00100000 00110011 00110000 00100000 00110011 00110001 00100000 00110010 00110000 00100000 00110011 00110001 00100000 00110011 00110001 00100000 00110011 00110000 00100000 00110010 00110000 00100000 00110011 00111001 00100000 00110011 00110000 00100000 00110010 00110000 00100000 00110011 00110001 00100000 00110011 00110000 00100000 00110011 00110100 00100000 00110010 00110000 00100000 00110011 00110001 00100000 00110011 00110000 00100000 00110011 00110000 00100000 00110010 00110000 00100000 00110011 00110110 00100000 00110011 00110111 00100000 00110010 00110000 00100000 00110011 00110110 00100000 00110011 00110110 00100000 00110010 00110000 00100000 00110011 00110001 00100000 00110011 00110010 00100000 00110011 00110000 00100000 00110010 00110000 00100000 00110011 00111000 00100000 00110011 00111001 00100000 00110010 00110000 00100000 00110011 00110001 00100000 00110011 00110000 00100000 00110011 00111001 00100000 00110010 00110000 00100000 00110011 00110001 00100000 00110011 00110001 00100000 00110011 00110010 00100000 00110010 00110000 00100000 00110011 00110001 00100000 00110011 00110000 00100000 00110011 00110100 00100000 00110010 00110000 00100000 00110011 00110111 00100000 00110011 00110011 00100000 00110010 00110000 00100000 00110011 00110111 00100000 00110011 00110001 00100000 00110010 00110000 00100000 00110011 00110111 00100000 00110011 00110000 00100000 00110010 00110000 00100000 00110011 00110001 00100000 00110011 00110000 00100000 00110011 00110101 00100000 00110010 00110000 00100000 00110011 00111001 00100000 00110011 00110111 00100000 00110010 00110000 00100000 00110011 00110001 00100000 00110011 00110000 00100000 00110011 00110011 00100000 00110010 00110000 00100000 00110011 00110100 00100000 00110011 00111000 00100000 00110010 00110000 00100000 00110011 00110111 00100000 00110011 00110101 00100000 00110010 00110000 00100000 00110011 00111001 00100000 00110011 00111001 00100000 00110010 00110000 00100000 00110011 00110110 00100000 00110011 00111000 00100000 00110010 00110000 00100000 00110011 00110001 00100000 00110011 00110001 00100000 00110011 00110001 00100000 00110010 00110000 00100000 00110011 00110001 00100000 00110011 00110000 00100000 00110011 00110011 00100000 00110010 00110000 00100000 00110011 00111000 00100000 00110011 00111001 00100000 00110010 00110000 00100000 00110011 00111000 00100000 00110011 00110111 00100000 00110010 00110000 00100000 00110011 00110111 00100000 00110011 00110100 00100000 00110010 00110000 00100000 00110011 00110001 00100000 00110011 00110001 00100000 00110011 00110000 00100000 00110010 00110000 00100000 00110011 00110111 00100000 00110011 00110011 00100000 00110010 00110000 00100000 00110011 00110111 00100000 00110011 00110010 00100000 00110010 00110000 00100000 00110011 00110111 00100000 00110011 00110100 00100000 00110010 00110000 00100000 00110011 00110001 00100000 00110011 00110000 00100000 00110011 00110100 00100000 00110010 00110000 00100000 00110011 00111000 00100000 00110011 00111001 00100000 00110010 00110000 00100000 00110011 00110001 00100000 00110011 00110000 00100000 00110011 00111001 00100000 00110010 00110000 00100000 00110011 00110001 00100000 00110011 00110000 00100000 00110011 00110100 00100000 00110010 00110000 00100000 00110011 00110100 00100000 00110011 00111000 00100000 00110010 00110000 00100000 00110011 00110001 00100000 00110011 00110000 00100000 00110011 00110000 00100000 00110010 00110000 00100000 00110011 00111000 00100000 00110011 00110001 00100000 00110010 00110000 00100000 00110011 00110100 00100000 00110011 00111000 00100000 00110010 00110000 00100000 00110011 00110111 00100000 00110011 00110101 00100000 00110010 00110000 00100000 00110011 00111001 00100000 00110011 00110000 00100000 00110010 00110000 00100000 00110011 00110001 00100000 00110011 00110000 00100000 00110011 00110110 00100000 00110010 00110000 00100000 00110011 00110001 00100000 00110011 00110001 00100000 00110011 00110001 00100000 00110010 00110000 00100000 00110011 00110001 00100000 00110011 00110000 00100000 00110011 00110011 00100000 00110010 00110000 00100000 00110011 00111000 00100000 00110011 00110111 00100000 00110010 00110000 00100000 00110011 00110101 00100000 00110011 00110000 00100000 00110010 00110000 00100000 00110011 00110001 00100000 00110011 00110000 00100000 00110011 00110100 00100000 00110010 00110000 00100000 00110011 00110001 00100000 00110011 00110000 00100000 00110011 00110100 00100000 00110010 00110000 00100000 00110011 00110001 00100000 00110011 00110000 00100000 00110011 00110000 00100000 00110010 00110000 00100000 00110011 00110001 00100000 00110011 00110000 00100000 00110011 00111001 00100000 00110010 00110000 00100000 00110011 00110111 00100000 00110011 00110000 00100000 00110010 00110000 00100000 00110011 00110001 00100000 00110011 00110001 00100000 00110011 00110000 00100000 00110010 00110000 00100000 00110011 00111001 00100000 00110011 00111001 00100000 00110010 00110000 00100000 00110011 00110001 00100000 00110011 00110001 00100000 00110011 00110000 00100000 00110010 00110000 00100000 00110011 00110001 00100000 00110011 00110000 00100000 00110011 00111000 00100000 00110010 00110000 00100000 00110011 00110101 00100000 00110011 00110011 00100000 00110010 00110000 00100000 00110011 00110001 00100000 00110011 00110000 00100000 00110011 00110000 00100000 00110010 00110000 00100000 00110011 00110001 00100000 00110011 00110001 00100000 00110011 00110000 00100000 00110010 00110000 00100000 00110011 00111000 00100000 00110011 00110010 00100000 00110010 00110000 00100000 00110011 00110101 00100000 00110011 00110000 00100000 00110010 00110000 00100000 00110011 00111001 00100000 00110011 00111000 00100000 00110010 00110000 00100000 00110011 00110101 00100000 00110011 00110001 00100000 00110010 00110000 00100000 00110011 00110001 00100000 00110011 00110000 00100000 00110011 00111000 00100000 00110010 00110000 00100000 00110011 00110001 00100000 00110011 00110010 00100000 00110011 00110001 00100000 00110010 00110000 00100000 00110011 00111000 00100000 00110011 00111000 00100000 00110010 00110000 00100000 00110011 00111000 00100000 00110011 00110001 00100000 00110010 00110000 00100000 00110011 00110100 00100000 00110011 00111000 00100000 00110010 00110000 00100000 00110011 00110111 00100000 00110011 00110101 00100000 00110010 00110000 00100000 00110011 00111001 00100000 00110011 00111001 00100000 00110010 00110000 00100000 00110011 00110110 00100000 00110011 00111000 00100000 00110010 00110000 00100000 00110011 00110001 00100000 00110011 00110001 00100000 00110011 00110001 00100000 00110010 00110000 00100000 00110011 00110001 00100000 00110011 00110000 00100000 00110011 00110011 00100000 00110010 00110000 00100000 00110011 00111000 00100000 00110011 00110111 00100000 00110010 00110000 00100000 00110011 00110100 00100000 00110011 00111000 00100000 00110010 00110000 00100000 00110011 00111000 00100000 00110011 00110110 00100000 00110010 00110000 00100000 00110011 00111000 00100000 00110011 00110011 00100000 00110010 00110000 00100000 00110011 00111000 00100000 00110011 00110101 00100000 00110010 00110000 00100000 00110011 00111000 00100000 00110011 00110101 00100000 00110010 00110000 00100000 00110011 00110101 00100000 00110011 00110011 00100000 00110010 00110000 00100000 00110011 00111000 00100000 00110011 00110001 00100000 00110010 00110000 00100000 00110011 00111000 00100000 00110011 00110010 00100000 00110010 00110000 00100000 00110011 00110100 00100000 00110011 00111001 00100000 00110010 00110000 00100000 00110011 00110111 00100000 00110011 00110100 00100000 00110010 00110000 00100000 00110011 00111000 00100000 00110011 00110010 00100000 00110010 00110000 00100000 00110011 00111000 00100000 00110011 00111000 00100000 00110010 00110000 00100000 00110011 00111000 00100000 00110011 00110011 00100000 00110010 00110000 00100000 00110011 00110110 00100000 00110011 00110110 00100000 00110010 00110000 00100000 00110011 00110101 00100000 00110011 00110000 00100000 00110010 00110000 00100000 00110011 00111001 00100000 00110011 00110000 00100000 00110010 00110000 00100000 00110011 00110001 00100000 00110011 00110000 00100000 00110011 00110101 00100000 00110010 00110000 00100000 00110011 00110110 00100000 00110011 00110110 00100000 00110010 00110000 00100000 00110011 00110001 00100000 00110011 00110001 00100000 00110011 00111001 00100000 00110010 00110000 00100000 00110011 00111000 00100000 00110011 00111001 00100000 00110010 00110000 00100000 00110011 00110001 00100000 00110011 00110001 00100000 00110011 00110000 00100000 00110010 00110000 00100000 00110011 00110001 00100000 00110011 00110001 00100000 00110011 00110010 00100000 00110010 00110000 00100000 00110011 00110101 00100000 00110011 00110000 00100000 00110010 00110000 00100000 00110011 00111000 00100000 00110011 00111001 00100000 00110010 00110000 00100000 00110011 00111000 00100000 00110011 00111000 00100000 00110010 00110000 00100000 00110011 00111000 00100000 00110011 00110001 00100000 00110010 00110000 00100000 00110011 00110001 00100000 00110011 00110000 00100000 00110011 00110011 00100000 00110010 00110000 00100000 00110011 00111001 00100000 00110011 00111001 00100000 00110010 00110000 00100000 00110011 00111000 00100000 00110011 00110111 00100000 00110010 00110000 00100000 00110011 00110111 00100000 00110011 00110100 00100000 00110010 00110000 00100000 00110011 00110001 00100000 00110011 00110001 00100000 00110011 00110011 00100000 00110010 00110000 00100000 00110011 00111000 00100000 00110011 00111001 00100000 00110010 00110000 00100000 00110011 00111000 00100000 00110011 00110011 00100000 00110010 00110000 00100000 00110011 00110110 00100000 00110011 00110110 00100000 00110010 00110000 00100000 00110011 00110101 00100000 00110011 00110000 00100000 00110010 00110000 00100000 00110011 00111000 00100000 00110011 00111001 00100000 00110010 00110000 00100000 00110011 00111000 00100000 00110011 00110111 00100000 00110010 00110000 00100000 00110011 00110001 00100000 00110011 00110000 00100000 00110011 00110000 00100000 00110010 00110000 00100000 00110011 00110001 00100000 00110011 00110000 00100000 00110011 00110101 00100000 00110010 00110000 00100000 00110011 00110111 00100000 00110011 00110011 00100000 00110010 00110000 00100000 00110011 00110111 00100000 00110011 00110001 00100000 00110010 00110000 00100000 00110011 00111001 00100000 00110011 00110000 00100000 00110010 00110000 00100000 00110011 00110001 00100000 00110011 00110010 00100000 00110011 00110001 00100000 00110010 00110000 00100000 00110011 00111001 00100000 00110011 00111001 00100000 00110010 00110000 00100000 00110011 00110111 00100000 00110011 00110001 00100000 00110010 00110000 00100000 00110011 00110001 00100000 00110011 00110000 00100000 00110011 00110000 00100000 00110010 00110000 00100000 00110011 00110001 00100000 00110011 00110000 00100000 00110011 00110101 00100000 00110010 00110000 00100000 00110011 00111001 00100000 00110011 00110000 00100000 00110010 00110000 00100000 00110011 00111000 00100000 00110011 00110011 00100000 00110010 00110000 00100000 00110011 00110110 00100000 00110011 00110101 00100000 00110010 00110000 00100000 00110011 00110001 00100000 00110011 00110010 00100000 00110011 00110001 00100000 00110010 00110000 00100000 00110011 00110110 00100000 00110011 00111000 00100000 00110010 00110000 00100000 00110011 00111000 00100000 00110011 00110001 00100000 00110010 00110000 00100000 00110011 00110001 00100000 00110011 00110001 00100000 00110011 00110010 00100000 00110010 00110000 00100000 00110011 00110001 00100000 00110011 00110001 00100000 00110011 00111001 00100000 00110010 00110000 00100000 00110011 00110111 00100000 00110011 00111001 00100000 00110010 00110000 00100000 00110011 00110001 00100000 00110011 00110000 00100000 00110011 00110101 00100000 00110010 00110000 00100000 00110011 00110110 00100000 00110011 00110110 00100000 00110010 00110000 00100000 00110011 00110100 00100000 00110011 00111000 00100000 00110010 00110000 00100000 00110011 00111000 00100000 00110011 00111001 00100000 00110010 00110000 00100000 00110011 00110001 00100000 00110011 00110000 00100000 00110011 00111001 00100000 00110010 00110000 00100000 00110011 00110111 00100000 00110011 00110100 00100000 00110010 00110000 00100000 00110011 00110001 00100000 00110011 00110010 00100000 00110011 00110000 00100000 00110010 00110000 00100000 00110011 00111001 00100000 00110011 00111000 00100000 00110010 00110000 00100000 00110011 00110101 00100000 00110011 00110000 00100000 00110010 00110000 00100000 00110011 00110001 00100000 00110011 00110010 00100000 00110011 00110000 00100000 00110010 00110000 00100000 00110011 00110001 00100000 00110011 00110010 00100000 00110011 00110001 00100000 00110010 00110000 00100000 00110011 00110110 00100000 00110011 00111000 00100000 00110010 00110000 00100000 00110011 00111000 00100000 00110011 00110001 00100000 00110010 00110000 00100000 00110011 00110001 00100000 00110011 00110001 00100000 00110011 00110001 00100000 00110010 00110000 00100000 00110011 00110111 00100000 00110011 00111000 00100000 00110010 00110000 00100000 00110011 00110110 00100000 00110011 00110111 00100000 00110010 00110000 00100000 00110011 00110001 00100000 00110011 00110000 00100000 00110011 00110101 00100000 00110010 00110000 00100000 00110011 00110100 00100000 00110011 00111000 00100000 00110010 00110000 00100000 00110011 00110001 00100000 00110011 00110001 00100000 00110011 00110110 00100000 00110010 00110000 00100000 00110011 00111001 00100000 00110011 00110000 00100000 00110010 00110000 00100000 00110011 00110101 00100000 00110011 00110000 00100000 00110010 00110000 00100000 00110011 00111000 00100000 00110011 00110110 00100000 00110010 00110000 00100000 00110011 00110001 00100000 00110011 00110001 00100000 00110011 00110111 00100000 00110010 00110000 00100000 00110011 00111000 00100000 00110011 00111001 00100000 00110010 00110000 00100000 00110011 00111000 00100000 00110011 00110111 00100000 00110010 00110000 00100000 00110011 00111001 00100000 00110011 00110000 00100000 00110010 00110000 00100000 00110011 00110101 00100000 00110011 00110100 00100000 00110010 00110000 00100000 00110011 00110001 00100000 00110011 00110000 00100000 00110011 00110000 00100000 00110010 00110000 00100000 00110011 00110001 00100000 00110011 00110000 00100000 00110011 00111001 00100000 00110010 00110000 00100000 00110011 00111001 00100000 00110011 00110000 00100000 00110010 00110000 00100000 00110011 00110001 00100000 00110011 00110000 00100000 00110011 00111001 00100000 00110010 00110000 00100000 00110011 00110001 00100000 00110011 00110000 00100000 00110011 00110000 00100000 00110010 00110000 00100000 00110011 00110001 00100000 00110011 00110000 00100000 00110011 00111001 00100000 00110010 00110000 00100000 00110011 00110111 00100000 00110011 00110100 00100000 00110010 00110000 00100000 00110011 00110001 00100000 00110011 00110000 00100000 00110011 00110100 00100000 00110010 00110000 00100000 00110011 00110111 00100000 00110011 00110011 00100000 00110010 00110000 00100000 00110011 00110111 00100000 00110011 00110010 00100000 00110010 00110000 00100000 00110011 00110110 00100000 00110011 00110110 00100000 00110010 00110000 00100000 00110011 00110001 00100000 00110011 00110001 00100000 00110011 00110001 00100000 00110010 00110000 00100000 00110011 00111001 00100000 00110011 00110000 00100000 00110010 00110000 00100000 00110011 00110001 00100000 00110011 00110010 00100000 00110011 00110001 00100000 00110010 00110000 00100000 00110011 00110100 00100000 00110011 00111000 00100000 00110010 00110000 00100000 00110011 00110001 00100000 00110011 00110001 00100000 00110011 00110110

--END MESSAGE--

NOTE FROM MAIN OFFICER ON THE [REDACTED] INCIDENT

Sir,
We still do not know what happened this day. It could be hazardous down there. However, I am in your command, and I was obliged to comply with your request. 
--TOP SECRET--
This is classied information from the [REDACTED]. 

SITREP--
3 units of soliders enter the facility at [REDACTED] through the Sector 1, CHARLIE corridor
Nothing out of the ordinary
Units head throughout the compound
Reached Sector 2, FOXTROT corridor
Strange Noises
--COMMS EXCERPT
[LOUD CRASH IN DISTANCE]
U1: What the [EXPLETITIVE REMOVED] was that?
C: I'm sure its nothing [NAME REDACTED], get your [EXPLETITIVE REMOVED] back in formation.
U1: Sir, I don't thin--
[U1 stops speaking suddenly]
C: Well, spit it out [NAME REDACTED]
C: Huh?
[Sounds of crashing are heard. Some gunfire is also heard]
[The transmission was cut here. No more communications were recieved from the units]
--END
I think it is your best interests to evacuate your compound sir. We have all intents to believe that Subject 17 has escaped.
It is up to you.


//transmission_cut }

Switching to {PrjX_OPEN_Protocols}

Sending Immediate and Permanent Evacuation order
...
...
...
Sent.

//INFO{
Alpha: Potential Outbreak 
Beta: {CAN NOT REACH PRIMARY OR SECONDARY REPORTING CENTERS RIGHT NOW}
Charlie: Evacuation Ordered
Foxtrot: {CAN NOT REACH PRIMARY OR SECONDARY REPORTING CENTERS RIGHT NOW}

Base Prime: Reporting Centers Online. Nothing to report
Base Omega: This administrative base's reporting centers are offline.
}

All personell have been evacuated.
Terminals not must shut down.

--IN ORDER TO COMPLY WITH REGULATION 8.02.1.A ALL WORKING TERMINALS ARE BEING SHUT DOWN--

--system offline--
